Game_Loop,Minerals,Vespene,Workers,Ideal,Barracks,Action_ID
16.0,50,0,12,16,0,36
32.0,50,0,12,16,0,21
48.0,50,0,12,16,0,36
64.0,50,0,12,16,0,7
80.0,50,0,12,16,0,42
96.0,50,0,12,16,0,30
112.0,50,0,12,16,0,4
128.0,55,0,12,16,0,39
144.0,60,0,12,16,0,27
160.0,80,0,12,16,0,39
176.0,95,0,12,16,0,15
192.0,105,0,12,16,0,17
208.0,105,0,12,16,0,9
224.0,110,0,12,16,0,29
240.0,115,0,12,16,0,24
256.0,115,0,12,16,0,5
272.0,130,0,12,16,0,1
288.0,45,0,12,16,0,41
304.0,55,0,12,16,0,31
320.0,60,0,12,16,0,40
336.0,65,0,12,16,0,2
352.0,65,0,12,16,0,20
368.0,70,0,12,16,0,25
384.0,75,0,12,16,0,11
400.0,20,0,12,16,0,11
416.0,30,0,12,16,0,24
432.0,115,0,12,16,0,41
448.0,120,0,12,16,0,5
464.0,120,0,12,16,0,9
480.0,130,0,12,16,0,24
496.0,135,0,12,16,0,17
512.0,140,0,12,16,0,23
528.0,155,0,12,16,0,24
544.0,165,0,12,16,0,41
560.0,175,0,12,16,0,7
576.0,175,0,12,16,0,36
592.0,185,0,12,16,0,18
608.0,190,0,12,16,0,41
624.0,190,0,12,16,0,20
640.0,195,0,12,16,0,41
656.0,215,0,12,16,0,41
672.0,225,0,12,16,0,13
688.0,235,0,12,16,0,13
704.0,240,0,12,16,0,13
720.0,240,0,12,16,0,13
736.0,245,0,12,16,0,13
752.0,255,0,12,16,0,13
768.0,260,0,12,16,0,13
784.0,270,0,12,16,0,36
800.0,295,0,12,16,0,34
816.0,295,0,12,16,0,24
832.0,295,0,12,16,0,18
848.0,175,0,12,16,0,7
864.0,180,0,12,16,0,12
880.0,185,0,12,16,0,12
896.0,200,0,12,16,0,12
912.0,215,0,12,16,0,12
928.0,225,0,12,16,0,12
944.0,225,0,12,16,0,12
960.0,230,0,12,16,0,12
976.0,235,0,12,16,0,26
992.0,365,0,12,16,0,41
1008.0,375,0,12,16,0,38
1024.0,390,0,12,16,0,30
1040.0,395,0,12,16,0,35
1056.0,405,0,12,16,0,6
1072.0,410,0,12,16,0,24
1088.0,415,0,12,16,0,19
1104.0,420,0,12,16,0,39
1120.0,430,0,12,16,0,41
1136.0,440,0,12,16,0,28
1152.0,450,0,12,16,0,26
1168.0,455,0,12,16,0,31
1184.0,465,0,12,16,0,20
1200.0,465,0,12,16,0,33
1216.0,480,0,12,16,0,6
1232.0,485,0,12,16,0,21
1248.0,485,0,12,16,0,28
1264.0,500,0,12,16,0,41
1280.0,510,0,12,16,0,10
1296.0,515,0,12,16,0,41
1312.0,525,0,12,16,0,7
1328.0,535,0,12,16,0,4
1344.0,540,0,12,16,0,34
1360.0,540,0,12,16,0,26
1376.0,555,0,12,16,0,33
1392.0,565,0,12,16,0,41
1408.0,565,0,12,16,0,40
1424.0,580,0,12,16,0,35
1440.0,585,0,12,16,0,10
1456.0,590,0,12,16,0,40
1472.0,595,0,12,16,0,20
1488.0,600,0,12,16,0,18
1504.0,615,0,12,16,0,38
1520.0,625,0,12,16,0,33
1536.0,630,0,12,16,0,37
1552.0,635,0,12,16,0,29
1568.0,640,0,12,16,0,5
1584.0,650,0,12,16,0,5
1600.0,655,0,12,16,0,41
1616.0,655,0,12,16,0,31
1632.0,285,0,12,16,0,6
1648.0,285,0,12,16,0,28
1664.0,285,0,12,16,0,6
1680.0,290,0,12,16,0,27
1696.0,300,0,12,16,0,6
1712.0,310,0,12,16,0,28
1728.0,315,0,12,16,0,12
1744.0,340,0,12,16,0,12
1760.0,340,0,12,16,0,12
1776.0,340,0,12,16,0,12
1792.0,340,0,12,16,0,12
1808.0,350,0,12,16,0,12
1824.0,360,0,12,16,0,12
1840.0,370,0,12,16,0,32
1856.0,375,0,12,16,0,40
1872.0,395,0,12,16,0,8
1888.0,395,0,12,16,0,40
1904.0,400,0,12,16,0,20
1920.0,405,0,12,16,0,28
1936.0,420,0,12,16,0,38
1952.0,425,0,12,16,0,39
1968.0,430,0,12,16,0,40
1984.0,440,0,12,16,0,6
2000.0,450,0,12,16,0,6
2016.0,455,0,12,16,0,30
2032.0,455,0,12,16,0,4
2048.0,315,0,12,16,0,2
2064.0,475,0,12,16,0,41
2080.0,475,0,12,16,0,42
2096.0,480,0,12,16,0,29
2112.0,505,0,12,16,0,31
2128.0,505,0,12,16,0,28
2144.0,360,0,12,16,0,2
2160.0,365,0,12,16,0,42
2176.0,375,0,12,16,0,6
2192.0,525,0,12,16,0,41
2208.0,375,0,12,16,0,2
2224.0,385,0,12,16,0,13
2240.0,395,0,12,16,0,13
2256.0,410,0,12,16,0,13
2272.0,410,0,12,16,0,13
2288.0,410,0,12,16,0,13
2304.0,420,0,12,16,0,13
2320.0,420,0,12,16,0,13
2336.0,425,0,12,16,0,30
2352.0,445,0,12,16,0,10
2368.0,445,0,12,16,0,29
2384.0,455,0,12,16,0,37
2400.0,310,0,12,16,0,2
2416.0,315,0,12,16,0,6
2432.0,400,0,12,16,0,11
2448.0,405,0,12,16,0,23
2464.0,410,0,12,16,0,13
2480.0,425,0,12,16,0,13
2496.0,425,0,12,16,0,13
2512.0,425,0,12,16,0,13
2528.0,435,0,12,16,0,13
2544.0,450,0,12,16,0,13
2560.0,455,0,12,16,0,13
2576.0,455,0,12,16,0,33
2592.0,470,0,12,16,0,15
2608.0,475,0,12,16,0,33
2624.0,475,0,12,16,0,42
2640.0,475,0,12,16,0,41
2656.0,500,0,12,16,0,6
2672.0,505,0,12,16,0,41
2688.0,510,0,12,16,0,24
2704.0,515,0,12,16,0,6
2720.0,520,0,12,16,0,40
2736.0,525,0,12,16,0,22
2752.0,530,0,12,16,0,6
2768.0,535,0,12,16,0,15
2784.0,550,0,12,16,0,8
2800.0,560,0,12,16,0,8
2816.0,560,0,12,16,0,13
2832.0,570,0,12,16,0,13
2848.0,570,0,12,16,0,13
2864.0,585,0,12,16,0,13
2880.0,585,0,12,16,0,13
2896.0,585,0,12,16,0,13
2912.0,600,0,12,16,0,13
2928.0,610,0,12,16,0,3
2944.0,615,0,12,16,0,32
2960.0,630,0,12,16,0,4
2976.0,630,0,12,16,0,10
2992.0,635,0,12,16,0,28
3008.0,640,0,12,16,0,41
3024.0,645,0,12,16,0,23
3040.0,650,0,12,16,0,2
3056.0,660,0,12,16,0,20
3072.0,680,0,12,16,0,41
3088.0,680,0,12,16,0,19
3104.0,680,0,12,16,0,28
3120.0,685,0,12,16,0,14
3136.0,685,0,12,16,0,35
3152.0,690,0,12,16,0,24
3168.0,710,0,12,16,0,27
3184.0,715,0,12,16,0,35
3200.0,725,0,12,16,0,34
3216.0,730,0,12,16,0,41
3232.0,730,0,12,16,0,8
3248.0,730,0,12,16,0,4
3264.0,735,0,12,16,0,41
3280.0,745,0,12,16,0,22
3296.0,750,0,12,16,0,30
3312.0,765,0,12,16,0,42
3328.0,775,0,12,16,0,39
3344.0,775,0,12,16,0,35
3360.0,675,0,12,16,0,13
3376.0,680,0,12,16,0,25
3392.0,695,0,12,16,0,15
3408.0,695,0,12,16,0,20
3424.0,705,0,12,16,0,24
3440.0,720,0,12,16,0,17
3456.0,725,0,12,16,0,42
3472.0,725,0,12,16,0,27
3488.0,735,0,12,16,0,9
3504.0,740,0,12,16,0,8
3520.0,740,0,12,16,0,16
3536.0,745,0,12,16,0,41
3552.0,755,0,12,16,0,12
3568.0,765,0,12,16,0,12
3584.0,770,0,12,16,0,12
3600.0,780,0,12,16,0,12
3616.0,785,0,12,16,0,12
3632.0,785,0,12,16,0,17
3648.0,790,0,12,16,0,24
3664.0,800,0,12,16,0,41
3680.0,805,0,12,16,0,41
3696.0,820,0,12,16,0,27
3712.0,820,0,12,16,0,30
3728.0,825,0,12,16,0,16
3744.0,830,0,12,16,0,17
3760.0,835,0,12,16,0,35
3776.0,835,0,12,16,0,34
3792.0,850,0,12,16,0,15
3808.0,860,0,12,16,0,5
3824.0,865,0,12,16,0,9
3840.0,815,0,12,16,0,16
3856.0,825,0,12,16,0,41
3872.0,830,0,12,16,0,19
3888.0,835,0,12,16,0,5
3904.0,845,0,12,16,0,41
3920.0,855,4,12,16,0,26
3936.0,855,4,12,16,0,11
3952.0,860,4,12,16,0,14
3968.0,865,4,12,16,0,33
3984.0,870,4,12,16,0,14
4000.0,880,4,12,16,0,3
4016.0,885,8,12,16,0,29
4032.0,890,8,12,16,0,39
4048.0,850,8,12,16,0,14
4064.0,850,8,12,16,0,13
4080.0,860,8,12,16,0,41
4096.0,870,8,12,16,0,28
4112.0,870,12,12,16,0,34
4128.0,880,12,12,16,0,25
4144.0,885,12,12,16,0,23
4160.0,890,12,12,16,0,21
4176.0,895,12,12,16,0,41
4192.0,900,12,12,16,0,2
4208.0,910,12,12,16,0,41
4224.0,915,16,12,16,0,23
4240.0,820,16,12,16,0,1
4256.0,825,16,12,16,0,42
4272.0,830,16,12,16,0,30
4288.0,840,16,12,16,0,25
4304.0,850,20,12,16,0,12
4320.0,850,20,13,16,0,12
4336.0,860,20,13,16,0,12
4352.0,865,20,13,16,0,12
4368.0,865,20,13,16,0,12
4384.0,870,20,13,16,0,12
4400.0,880,24,13,16,0,12
4416.0,895,24,13,16,0,14
4432.0,900,24,13,16,0,27
4448.0,910,24,13,16,0,10
4464.0,910,24,13,16,0,31
4480.0,915,24,13,16,0,13
4496.0,925,28,13,16,0,38
4512.0,930,28,13,16,0,42
4528.0,535,28,13,16,0,6
4544.0,545,28,13,16,0,6
4560.0,550,28,13,16,0,20
4576.0,555,28,13,16,0,42
4592.0,555,32,13,16,0,10
4608.0,570,32,13,16,0,24
4624.0,575,32,13,16,0,40
4640.0,575,32,13,16,0,34
4656.0,585,32,13,16,0,37
4672.0,595,32,13,16,0,3
4688.0,600,36,13,16,0,41
4704.0,605,36,13,16,0,21
4720.0,610,36,13,16,0,24
4736.0,620,36,13,16,0,22
4752.0,620,36,13,16,0,41
4768.0,630,36,13,16,0,20
4784.0,630,40,13,16,0,36
4800.0,640,40,13,16,0,25
4816.0,655,40,13,16,0,27
4832.0,655,40,13,16,0,17
4848.0,655,40,13,16,0,6
4864.0,670,40,13,16,0,11
4880.0,670,44,13,16,0,41
4896.0,675,44,13,16,0,25
4912.0,575,44,13,16,0,13
4928.0,595,44,13,16,0,31
4944.0,600,44,13,16,0,10
4960.0,600,44,13,16,0,33
4976.0,605,48,13,16,0,35
4992.0,615,48,13,16,0,18
5008.0,620,48,13,16,0,36
5024.0,630,48,13,16,0,16
5040.0,635,48,13,16,0,26
5056.0,640,52,13,16,0,29
5072.0,645,52,13,16,0,32
5088.0,650,52,13,16,0,39
5104.0,655,52,13,16,0,33
5120.0,660,52,13,16,0,10
5136.0,675,52,13,16,0,42
5152.0,675,56,13,16,0,13
5168.0,685,56,13,16,0,4
5184.0,690,56,13,16,0,8
5200.0,690,56,13,16,0,8
5216.0,695,56,13,16,0,8
5232.0,710,56,13,16,0,8
5248.0,720,60,13,16,0,8
5264.0,720,60,13,16,0,40
5280.0,720,60,13,16,0,8
5296.0,735,60,13,16,0,8
5312.0,735,60,13,16,0,8
5328.0,735,60,13,16,0,8
5344.0,755,64,13,16,0,8
5360.0,755,64,13,16,0,8
5376.0,765,64,13,16,0,8
5392.0,770,64,13,16,0,31
5408.0,775,64,13,16,0,24
5424.0,780,64,13,16,0,35
5440.0,785,68,13,16,0,26
5456.0,690,68,13,16,0,1
5472.0,795,68,13,16,0,41
5488.0,800,68,13,16,0,6
5504.0,815,68,13,16,0,30
5520.0,820,68,13,16,0,40
5536.0,825,72,13,16,0,32
5552.0,730,72,13,16,0,1
5568.0,735,72,13,16,0,12
5584.0,740,72,13,16,0,12
5600.0,740,72,13,16,0,12
5616.0,755,72,13,16,0,12
5632.0,755,76,13,16,0,12
5648.0,770,76,13,16,0,12
5664.0,780,76,13,16,0,12
5680.0,780,76,13,16,0,15
5696.0,785,76,13,16,0,30
5712.0,790,76,13,16,0,36
5728.0,790,80,13,16,0,37
5744.0,805,80,13,16,0,36
5760.0,810,80,13,16,0,15
5776.0,820,80,13,16,0,20
5792.0,825,80,13,16,0,41
5808.0,825,84,13,16,0,27
5824.0,835,84,13,16,0,23
5840.0,835,84,13,16,0,22
5856.0,945,84,13,16,0,41
5872.0,945,84,13,16,0,41
5888.0,960,84,13,16,0,20
5904.0,965,88,13,16,0,30
5920.0,970,88,13,16,0,4
5936.0,980,88,13,16,0,41
5952.0,985,88,13,16,0,10
5968.0,985,88,13,16,0,24
5984.0,995,88,13,16,0,35
6000.0,850,92,13,16,0,2
6016.0,855,92,13,16,0,42
6032.0,860,92,13,16,0,32
6048.0,870,92,13,16,0,7
6064.0,880,92,13,16,0,14
6080.0,880,92,13,16,0,22
6096.0,890,96,13,16,0,33
6112.0,890,96,13,16,0,35
6128.0,890,96,13,16,0,36
6144.0,895,96,13,16,0,42
6160.0,910,100,13,16,0,42
6176.0,915,100,13,16,0,26
6192.0,920,104,13,16,0,35
6208.0,920,104,13,16,0,29
6224.0,925,104,13,16,0,15
6240.0,925,104,13,16,0,18
6256.0,935,108,13,16,0,30
6272.0,935,108,13,16,0,35
6288.0,945,112,13,16,0,15
6304.0,955,112,13,16,0,35
6320.0,955,116,13,16,0,42
6336.0,955,116,13,16,0,29
6352.0,960,120,13,16,0,9
6368.0,970,120,13,16,0,7
6384.0,970,124,13,16,0,39
6400.0,970,124,13,16,0,42
6416.0,985,128,13,16,0,1
6432.0,985,128,13,16,0,12
6448.0,985,128,13,16,0,12
6464.0,1000,132,13,16,0,12
6480.0,1000,132,13,16,0,12
6496.0,1000,136,13,16,0,12
6512.0,1005,136,13,16,0,12
6528.0,1005,140,13,16,0,12
6544.0,1010,140,13,16,0,36
6560.0,1015,144,13,16,0,33
6576.0,1025,144,13,16,0,40
6592.0,1030,148,13,16,0,41
6608.0,1030,148,13,16,0,41
6624.0,1035,152,13,16,0,25
6640.0,1035,152,13,16,0,36
6656.0,1035,156,13,16,0,41
6672.0,1050,156,13,16,0,15
6688.0,1055,160,13,16,0,7
6704.0,1060,160,13,16,0,7
6720.0,1065,164,13,16,0,37
6736.0,1065,164,13,16,0,24
6752.0,1065,168,13,16,0,18
6768.0,1015,118,13,16,0,35
6784.0,1020,118,13,16,0,6
6800.0,620,118,13,16,0,10
6816.0,625,126,13,16,0,27
6832.0,635,126,13,16,0,42
6848.0,940,130,13,16,0,1
6864.0,940,130,13,16,0,23
6880.0,945,130,13,16,0,39
6896.0,945,134,13,16,0,11
6912.0,945,134,13,16,0,35
6928.0,945,138,13,16,0,11
6944.0,950,138,13,16,0,8
6960.0,960,138,13,16,0,8
6976.0,960,142,13,16,0,8
6992.0,965,146,13,16,0,8
7008.0,965,146,13,16,0,8
7024.0,970,150,13,16,0,8
7040.0,970,150,13,16,0,8
7056.0,970,154,13,16,0,32
7072.0,980,154,13,16,0,42
7088.0,990,154,13,16,0,6
7104.0,990,158,13,16,0,31
7120.0,990,158,13,16,0,41
7136.0,990,162,13,16,0,30
7152.0,995,162,13,16,0,22
7168.0,995,166,13,16,0,41
7184.0,1005,166,13,16,0,13
7200.0,1010,170,13,16,0,24
7216.0,1010,170,13,16,0,41
7232.0,860,74,13,16,0,3
7248.0,860,74,13,16,0,18
7264.0,1010,178,13,16,0,41
7280.0,1015,178,13,16,0,31
7296.0,1020,182,13,16,0,4
7312.0,1025,182,13,16,0,22
7328.0,1030,186,13,16,0,27
7344.0,1030,186,13,16,0,8
7360.0,1030,190,13,16,0,8
7376.0,1030,190,13,16,0,8
7392.0,1035,194,13,16,0,8
7408.0,1040,194,13,16,0,8
7424.0,1040,198,13,16,0,8
7440.0,1050,198,13,16,0,8
7456.0,1050,202,13,16,0,41
7472.0,1050,202,13,16,0,14
7488.0,1050,206,13,16,0,34
7504.0,1055,206,13,16,0,14
7520.0,1055,210,13,16,0,40
7536.0,1060,210,13,16,0,42
7552.0,1065,210,13,16,0,33
7568.0,1070,214,13,16,0,11
7584.0,1070,214,13,16,0,11
7600.0,1075,218,13,16,0,11
7616.0,1075,218,13,16,0,35
7632.0,1075,222,13,16,0,4
7648.0,1080,222,13,16,0,36
7664.0,1080,226,13,16,0,10
7680.0,1085,226,13,16,0,8
7696.0,1090,230,13,16,0,8
7712.0,1095,230,13,16,0,8
7728.0,1095,234,13,16,0,8
7744.0,1095,234,13,16,0,8
7760.0,1095,238,13,16,0,8
7776.0,1100,238,13,16,0,8
7792.0,1105,242,13,16,0,36
7808.0,1115,242,13,16,0,41
7824.0,1115,246,13,16,0,16
7840.0,990,246,13,16,0,7
7856.0,990,250,13,16,0,36
7872.0,990,250,13,16,0,33
7888.0,990,254,13,16,0,21
7904.0,1000,254,13,16,0,12
7920.0,1005,258,13,16,0,12
7936.0,1010,258,13,16,0,12
7952.0,1010,262,13,16,0,12
7968.0,1010,262,13,16,0,12
7984.0,1010,266,13,16,0,12
8000.0,1010,266,13,16,0,12
8016.0,1015,270,13,16,0,41
8032.0,1025,270,13,16,0,8
8048.0,1025,274,13,16,0,8
8064.0,1030,274,13,16,0,8
8080.0,1030,274,13,16,0,8
8096.0,1030,278,13,16,0,8
8112.0,1035,282,13,16,0,8
8128.0,1035,282,13,16,0,8
8144.0,1035,282,13,16,0,25
8160.0,1045,286,13,16,0,41
8176.0,1050,286,13,16,0,18
8192.0,1050,290,13,16,0,13
8208.0,1050,290,13,16,0,17
8224.0,1055,294,13,16,0,41
8240.0,1055,294,13,16,0,38
8256.0,1055,298,13,16,0,5
8272.0,1055,298,13,16,0,5
8288.0,1065,302,13,16,0,5
8304.0,1070,302,13,16,0,5
8320.0,1075,306,13,16,0,5
8336.0,1075,306,13,16,0,5
8352.0,1075,310,13,16,0,5
8368.0,1075,310,13,16,0,29
8384.0,1075,314,13,16,0,3
8400.0,1080,314,13,16,0,15
8416.0,1085,318,13,16,0,34
8432.0,1095,318,13,16,0,9
8448.0,1095,322,13,16,0,39
8464.0,1095,322,13,16,0,5
8480.0,1095,326,13,16,0,4
8496.0,1095,326,13,16,0,39
8512.0,1095,330,13,16,0,41
8528.0,1005,280,13,16,0,8
8544.0,1015,284,13,16,0,21
8560.0,1015,284,13,16,0,4
8576.0,965,288,13,16,0,9
8592.0,965,288,13,16,0,33
8608.0,965,292,13,16,0,12
8624.0,965,292,13,16,0,14
8640.0,975,296,13,16,0,16
8656.0,975,296,13,16,0,24
8672.0,985,296,13,16,0,24
8688.0,985,300,13,16,0,41
8704.0,985,300,13,16,0,41
8720.0,985,304,13,16,0,40
8736.0,990,304,13,16,0,32
8752.0,990,308,13,16,0,27
8768.0,995,308,13,16,0,26
8784.0,995,312,13,16,0,42
8800.0,1005,312,13,16,0,7
8816.0,905,316,13,16,0,12
8832.0,1010,316,13,16,0,41
8848.0,1010,320,13,16,0,41
8864.0,1010,320,13,16,0,20
8880.0,940,324,13,16,0,11
8896.0,940,324,13,16,0,30
8912.0,845,328,13,16,0,13
8928.0,850,328,13,16,0,31
8944.0,780,332,13,16,0,11
8960.0,780,332,13,16,0,23
8976.0,780,336,13,16,0,7
8992.0,1030,336,13,16,0,41
9008.0,1035,340,13,16,0,41
9024.0,1035,340,13,16,0,23
9040.0,1045,344,13,16,0,29
9056.0,1050,344,13,16,0,6
9072.0,1050,348,13,16,0,34
9088.0,1050,348,13,16,0,41
9104.0,650,352,13,16,0,6
9120.0,655,352,13,16,0,21
9136.0,580,356,13,16,0,11
9152.0,1060,356,13,16,0,41
9168.0,1065,356,13,16,0,15
9184.0,1070,360,13,16,0,30
9200.0,1070,360,13,16,0,10
9216.0,1070,364,13,16,0,42
9232.0,1070,364,13,16,0,3
9248.0,1080,368,13,16,0,41
9264.0,1080,368,13,16,0,27
9280.0,1085,372,13,16,0,41
9296.0,1085,372,13,16,0,24
9312.0,1090,376,13,16,0,36
9328.0,1090,376,13,16,0,22
9344.0,940,280,13,16,0,3
9360.0,945,280,13,16,0,23
9376.0,1100,384,13,16,0,41
9392.0,1100,384,13,16,0,38
9408.0,1105,388,13,16,0,13
9424.0,1105,388,13,16,0,28
9440.0,1110,392,13,16,0,15
9456.0,1115,392,13,16,0,31
9472.0,1115,396,13,16,0,35
9488.0,1120,396,13,16,0,14
9504.0,1120,400,13,16,0,20
9520.0,1120,400,13,16,0,24
9536.0,1125,404,13,16,0,16
9552.0,1030,404,13,16,0,13
9568.0,1035,408,13,16,0,7
9584.0,1135,408,13,16,0,41
9600.0,1135,412,13,16,0,31
9616.0,1140,412,13,16,0,3
9632.0,1140,416,13,16,0,36
9648.0,1145,416,13,16,0,28
9664.0,1150,416,13,16,0,5
9680.0,1150,420,13,16,0,36
9696.0,1055,424,13,16,0,1
9712.0,1055,424,13,16,0,9
9728.0,1060,424,13,16,0,34
9744.0,1060,428,13,16,0,30
9760.0,1165,428,13,16,0,41
9776.0,1170,432,13,16,0,22
9792.0,1170,432,13,16,0,31
9808.0,1175,436,13,16,0,7
9824.0,1175,436,13,16,0,36
9840.0,1175,440,13,16,0,5
9856.0,1105,440,13,16,0,11
9872.0,1185,444,13,16,0,41
9888.0,1185,444,13,16,0,21
9904.0,1190,448,13,16,0,22
9920.0,1190,448,13,16,0,30
9936.0,1195,452,13,16,0,38
9952.0,1195,452,13,16,0,37
9968.0,1105,406,13,16,0,8
9984.0,1205,456,13,16,0,41
10000.0,1205,460,13,16,0,14
10016.0,1205,460,13,16,0,33
10032.0,1210,464,13,16,0,33
10048.0,1210,464,13,16,0,38
10064.0,1215,468,13,16,0,13
10080.0,1220,468,13,16,0,9
10096.0,1225,472,13,16,0,25
10112.0,1225,472,13,16,0,27
10128.0,1225,476,13,16,0,37
10144.0,1230,476,13,16,0,24
10160.0,1105,480,13,16,0,7
10176.0,1110,480,13,16,0,27
10192.0,1240,480,13,16,0,41
10208.0,1240,484,13,16,0,13
10224.0,1245,488,13,16,0,32
10240.0,1245,488,13,16,0,41
10256.0,1245,488,13,16,0,34
10272.0,1250,492,13,16,0,4
10288.0,1155,492,13,16,0,1
10304.0,1155,496,13,16,0,5
10320.0,1160,496,13,16,0,9
10336.0,1165,500,13,16,0,4
10352.0,1165,500,13,16,0,36
10368.0,1165,504,13,16,0,26
10384.0,1170,504,13,16,0,24
10400.0,1175,508,13,16,0,9
10416.0,1175,508,13,16,0,22
10432.0,1175,512,13,16,0,25
10448.0,1180,512,13,16,0,39
10464.0,1185,516,13,16,0,36
10480.0,1190,516,13,16,0,5
10496.0,1115,520,13,16,0,11
10512.0,1120,520,13,16,0,8
10528.0,970,524,13,16,0,2
10544.0,970,524,13,16,0,7
10560.0,970,528,13,16,0,26
10576.0,980,528,13,16,0,36
10592.0,985,532,13,16,0,5
10608.0,985,532,13,16,0,31
10624.0,985,536,13,16,0,19
10640.0,990,536,13,16,0,15
10656.0,990,540,13,16,0,15
10672.0,990,540,13,16,0,27
10688.0,875,544,13,16,0,7
10704.0,880,544,13,16,0,32
10720.0,880,544,13,16,0,20
10736.0,880,548,13,16,0,17
10752.0,880,548,13,16,0,11
10768.0,810,552,13,16,0,19
10784.0,810,552,13,16,0,38
10800.0,815,556,13,16,0,4
10816.0,825,556,13,16,0,42
10832.0,825,560,13,16,0,1
10848.0,825,560,13,16,0,5
10864.0,825,564,13,16,0,41
10880.0,830,564,13,16,0,31
10896.0,835,568,13,16,0,31
10912.0,835,568,13,16,0,28
10928.0,835,572,13,16,0,40
10944.0,845,572,13,16,0,28
10960.0,845,576,13,16,0,42
10976.0,845,576,13,16,0,10
10992.0,845,580,13,16,0,41
11008.0,855,580,13,16,0,5
11024.0,855,584,13,16,0,41
11040.0,855,584,13,16,0,14
11056.0,860,588,13,16,0,39
11072.0,865,588,13,16,0,2
11088.0,865,592,13,16,0,27
11104.0,870,592,13,16,0,27
11120.0,870,596,13,16,0,23
11136.0,775,546,13,16,0,8
11152.0,775,550,13,16,0,40
11168.0,775,550,13,16,0,32
11184.0,780,554,13,16,0,41
11200.0,790,604,13,16,0,1
11216.0,890,608,13,16,0,41
11232.0,890,608,13,16,0,9
11248.0,895,612,13,16,0,24
11264.0,895,612,13,16,0,27
11280.0,895,616,13,16,0,18
11296.0,895,616,13,16,0,7
11312.0,905,616,13,16,0,37
11328.0,760,570,13,16,0,9
11344.0,910,620,13,16,0,41
11360.0,810,624,13,16,0,1
11376.0,915,624,13,16,0,41
11392.0,915,628,13,16,0,29
11408.0,920,628,13,16,0,26
11424.0,925,632,13,16,0,37
11440.0,925,632,13,16,0,23
11456.0,930,636,13,16,0,33
11472.0,880,636,13,16,0,16
11488.0,880,640,13,16,0,36
11504.0,885,640,13,16,0,9
11520.0,890,644,13,16,0,12
11536.0,890,644,13,16,0,42
11552.0,895,648,13,16,0,37
11568.0,895,648,13,16,0,39
11584.0,900,652,13,16,0,32
11600.0,900,652,13,16,0,41
11616.0,910,656,13,16,0,34
11632.0,910,656,13,16,0,9
11648.0,910,660,13,16,0,29
11664.0,915,660,13,16,0,31
11680.0,915,664,13,16,0,37
11696.0,915,664,13,16,0,18
11712.0,920,668,13,16,0,35
11728.0,925,668,13,16,0,41
11744.0,930,672,13,16,0,9
11760.0,930,672,13,16,0,26
11776.0,930,672,13,16,0,41
11792.0,935,676,13,16,0,2
11808.0,935,680,13,16,0,31
11824.0,940,680,13,16,0,17
11840.0,845,680,13,16,0,1
11856.0,845,684,13,16,0,33
11872.0,850,684,13,16,0,41
11888.0,850,688,13,16,0,41
11904.0,855,688,13,16,0,41
11920.0,855,692,13,16,0,27
11936.0,860,692,13,16,0,38
11952.0,860,700,13,16,0,3
11968.0,865,700,13,16,0,2
11984.0,870,704,13,16,0,39
12000.0,870,704,13,16,0,33
12016.0,870,708,13,16,0,8
12032.0,780,658,13,16,0,34
12048.0,780,662,13,16,0,1
12064.0,780,662,13,16,0,14
12080.0,785,666,13,16,0,27
12096.0,785,666,13,16,0,24
12112.0,790,670,13,16,0,1
12128.0,795,670,13,16,0,33
12144.0,795,674,13,16,0,35
12160.0,800,674,13,16,0,41
12176.0,800,678,13,16,0,7
12192.0,800,678,13,16,0,28
12208.0,805,682,13,16,0,19
12224.0,805,682,13,16,0,15
12240.0,815,686,13,16,0,40
12256.0,715,686,13,16,0,13
12272.0,720,690,13,16,0,29
12288.0,720,690,13,16,0,41
12304.0,720,690,13,16,0,19
12320.0,720,694,13,16,0,29
12336.0,730,694,13,16,0,30
12352.0,735,698,13,16,0,42
12368.0,735,698,13,16,0,32
12384.0,735,702,13,16,0,34
12400.0,740,702,13,16,0,42
12416.0,740,706,13,16,0,41
12432.0,740,706,13,16,0,15
12448.0,745,710,13,16,0,22
12464.0,750,710,13,16,0,40
12480.0,755,714,13,16,0,25
12496.0,755,714,13,16,0,20
12512.0,610,718,13,16,0,2
12528.0,760,718,13,16,0,41
12544.0,765,722,13,16,0,4
12560.0,765,722,13,16,0,41
12576.0,765,726,13,16,0,26
12592.0,770,726,13,16,0,41
12608.0,775,730,13,16,0,5
12624.0,775,730,13,16,0,7
12640.0,780,734,13,16,0,22
12656.0,785,734,13,16,0,29
12672.0,785,738,13,16,0,41
12688.0,785,738,13,16,0,19
12704.0,785,742,13,16,0,16
12720.0,795,742,13,16,0,41
12736.0,795,746,13,16,0,32
12752.0,805,746,13,16,0,30
12768.0,655,700,13,16,0,9
12784.0,655,700,13,16,0,31
12800.0,705,754,13,16,0,12
12816.0,705,754,13,16,0,31
12832.0,705,754,13,16,0,23
12848.0,720,758,13,16,0,20
12864.0,620,762,13,16,0,12
12880.0,625,762,13,16,0,33
12896.0,625,762,13,16,0,1
12912.0,625,766,13,16,0,6
12928.0,725,766,13,16,0,41
12944.0,575,720,13,16,0,9
12960.0,730,770,13,16,0,41
12976.0,640,774,13,16,0,13
12992.0,645,774,13,16,0,18
13008.0,620,778,13,16,0,7
13024.0,620,778,13,16,0,32
13040.0,620,782,13,16,0,16
13056.0,625,782,13,16,0,20
13072.0,625,786,13,16,0,22
13088.0,580,786,13,16,0,14
13104.0,585,790,13,16,0,19
13120.0,540,740,13,16,0,35
13136.0,540,744,13,16,0,5
13152.0,540,744,13,16,0,5
13168.0,545,748,13,16,0,5
13184.0,545,748,13,16,0,5
13200.0,545,752,13,16,0,5
13216.0,550,752,13,16,0,5
13232.0,555,756,13,16,0,5
13248.0,560,756,13,16,0,14
13264.0,565,760,13,16,0,6
13280.0,565,760,13,16,0,25
13296.0,565,764,13,16,0,31
13312.0,565,764,13,16,0,38
13328.0,565,768,13,16,0,29
13344.0,570,768,13,16,0,41
13360.0,580,776,14,16,0,10
13376.0,585,776,14,16,0,1
13392.0,585,780,14,16,0,23
13408.0,585,780,14,16,0,16
13424.0,585,780,14,16,0,37
13440.0,585,784,14,16,0,39
13456.0,590,784,14,16,0,41
13472.0,595,788,14,16,0,14
13488.0,605,788,14,16,0,24
13504.0,605,792,14,16,0,19
13520.0,605,792,14,16,0,41
13536.0,605,796,14,16,0,41
13552.0,605,796,14,16,0,38
13568.0,605,800,14,16,0,27
13584.0,615,800,14,16,0,34
13600.0,620,804,14,16,0,1
13616.0,525,804,14,16,0,9
13632.0,525,808,14,16,0,10
13648.0,525,808,14,16,0,11
13664.0,525,812,14,16,0,38
13680.0,530,812,14,16,0,20
13696.0,530,816,14,16,0,35
13712.0,535,820,14,16,0,27
13728.0,540,824,14,16,0,42
13744.0,545,824,14,16,0,9
13760.0,545,828,14,16,0,30
13776.0,550,828,14,16,0,30
13792.0,550,832,14,16,0,10
13808.0,550,832,14,16,0,19
13824.0,555,836,14,16,0,20
13840.0,560,836,14,16,0,34
13856.0,560,840,14,16,0,16
13872.0,565,840,14,16,0,14
13888.0,570,844,14,16,0,41
13904.0,570,844,14,16,0,11
13920.0,570,844,14,16,0,32
13936.0,570,848,14,16,0,3
13952.0,425,748,14,16,0,30
13968.0,430,752,14,16,0,19
13984.0,435,752,14,16,0,38
14000.0,440,756,14,16,0,35
14016.0,440,756,14,16,0,42
14032.0,440,760,14,16,0,41
14048.0,440,760,14,16,0,41
14064.0,440,764,14,16,0,5
14080.0,445,764,14,16,0,19
14096.0,455,768,14,16,0,41
14112.0,455,768,14,16,0,30
14128.0,460,772,14,16,0,22
14144.0,460,772,14,16,0,34
14160.0,460,776,14,16,0,42
14176.0,460,776,14,16,0,2
14192.0,465,780,14,16,0,22
14208.0,475,780,14,16,0,33
14224.0,475,784,14,16,0,35
14240.0,480,784,14,16,0,9
14256.0,480,788,14,16,0,9
14272.0,480,788,14,16,0,5
14288.0,480,792,14,16,0,14
14304.0,485,792,14,16,0,41
14320.0,490,796,14,16,0,41
14336.0,495,796,14,16,0,26
14352.0,495,800,14,16,0,13
14368.0,500,800,14,16,0,29
14384.0,500,804,14,16,0,35
14400.0,505,804,14,16,0,26
14416.0,505,804,14,16,0,41
14432.0,505,808,14,16,0,33
14448.0,515,812,14,16,0,41
14464.0,515,812,14,16,0,29
14480.0,515,812,14,16,0,20
14496.0,525,816,14,16,0,40
14512.0,525,816,14,16,0,4
14528.0,525,820,14,16,0,24
14544.0,525,820,14,16,0,33
14560.0,525,824,14,16,0,14
14576.0,535,824,14,16,0,41
14592.0,435,828,14,16,0,12
14608.0,540,828,14,16,0,41
14624.0,545,832,14,16,0,32
14640.0,395,732,14,16,0,3
14656.0,395,736,14,16,0,19
14672.0,545,836,14,16,0,41
14688.0,555,840,14,16,0,35
14704.0,560,840,14,16,0,23
14720.0,560,844,14,16,0,13
14736.0,460,844,14,16,0,37
14752.0,560,848,14,16,0,41
14768.0,560,848,14,16,0,41
14784.0,560,852,14,16,0,21
14800.0,560,852,14,16,0,9
14816.0,475,856,14,16,0,1
14832.0,475,856,14,16,0,12
14848.0,475,860,14,16,0,18
14864.0,475,860,14,16,0,2
14880.0,325,864,14,16,0,4
14896.0,475,864,14,16,0,41
14912.0,480,868,14,16,0,34
14928.0,480,868,14,16,0,8
14944.0,485,868,14,16,0,16
14960.0,485,872,14,16,0,3
14976.0,485,876,14,16,0,24
14992.0,485,876,14,16,0,12
15008.0,485,876,14,16,0,19
15024.0,490,880,14,16,0,21
15040.0,490,880,14,16,0,22
15056.0,490,884,14,16,0,17
15072.0,495,884,14,16,0,29
15088.0,495,888,14,16,0,15
15104.0,495,888,14,16,0,34
15120.0,500,896,14,16,0,39
15136.0,500,896,14,16,0,40
15152.0,500,900,14,16,0,12
15168.0,400,900,14,16,0,4
15184.0,400,904,14,16,0,20
15200.0,355,854,14,16,0,9
15216.0,355,858,14,16,0,29
15232.0,360,858,14,16,0,18
15248.0,360,862,14,16,0,11
15264.0,285,862,14,16,0,41
15280.0,285,866,14,16,0,32
15296.0,135,716,14,16,0,32
15312.0,135,720,14,16,0,17
15328.0,145,720,14,16,0,13
15344.0,45,724,14,16,0,8
15360.0,145,724,14,16,0,41
15376.0,145,728,14,16,0,21
15392.0,145,728,14,16,0,32
15408.0,145,732,14,16,0,41
15424.0,50,682,14,16,0,8
15440.0,50,686,14,16,0,12
15456.0,55,686,14,16,0,42
15472.0,55,690,14,16,0,9
15488.0,55,694,14,16,0,26
15504.0,55,694,14,16,0,26
15520.0,55,698,14,16,0,7
15536.0,60,698,14,16,0,37
15552.0,60,702,14,16,0,40
15568.0,60,702,14,16,0,41
15584.0,65,710,14,16,0,13
15600.0,65,710,14,16,0,28
15616.0,65,714,14,16,0,1
15632.0,70,714,14,16,0,31
15648.0,70,718,14,16,0,41
15664.0,70,718,14,16,0,31
15680.0,70,722,14,16,0,23
15696.0,70,722,14,16,0,41
15712.0,75,726,14,16,0,41
15728.0,75,726,14,16,0,41
15744.0,80,730,14,16,0,23
15760.0,80,730,14,16,0,25
15776.0,80,734,14,16,0,35
15792.0,80,734,14,16,0,29
15808.0,80,738,14,16,0,41
15824.0,80,738,14,16,0,10
15840.0,85,742,14,16,0,34
15856.0,90,742,14,16,0,4
15872.0,90,746,14,16,0,22
15888.0,90,746,14,16,0,36
15904.0,90,750,14,16,0,40
15920.0,90,750,14,16,0,42
15936.0,90,754,14,16,0,33
15952.0,95,754,14,16,0,36
15968.0,95,758,14,16,0,13
15984.0,100,758,14,16,0,2
16000.0,100,762,14,16,0,28
16016.0,100,766,14,16,0,23
16032.0,100,770,14,16,0,39
16048.0,105,770,14,16,0,26
16064.0,105,770,14,16,0,11
16080.0,105,774,14,16,0,18
16096.0,105,774,14,16,0,41
16112.0,110,778,14,16,0,5
16128.0,110,778,14,16,0,31
16144.0,115,782,14,16,0,28
16160.0,115,782,14,16,0,9
16176.0,115,786,14,16,0,4
16192.0,115,786,14,16,0,16
16208.0,115,790,14,16,0,41
16224.0,115,790,14,16,0,42
16240.0,120,794,14,16,0,17
16256.0,75,794,14,16,0,16
16272.0,75,798,14,16,0,31
16288.0,75,802,14,16,0,15
16304.0,75,806,14,16,0,5
16320.0,75,806,14,16,0,23
16336.0,75,810,14,16,0,10
16352.0,80,810,14,16,0,4
16368.0,80,814,14,16,0,33
16384.0,85,814,14,16,0,40
16400.0,85,818,14,16,0,29
16416.0,85,818,14,16,0,5
16432.0,85,822,14,16,0,41
16448.0,85,822,14,16,0,26
16464.0,90,826,14,16,0,41
16480.0,90,826,14,16,0,41
16496.0,90,830,14,16,0,41
16512.0,95,830,14,16,0,7
16528.0,95,830,14,16,0,32
16544.0,95,838,14,16,0,3
16560.0,100,842,14,16,0,31
16576.0,100,842,14,16,0,6
16592.0,100,842,14,16,0,6
16608.0,100,846,14,16,0,22
16624.0,100,846,14,16,0,19
16640.0,105,850,14,16,0,12
16656.0,105,850,14,16,0,32
16672.0,110,854,14,16,0,23
16688.0,110,854,14,16,0,29
16704.0,110,858,14,16,0,20
16720.0,110,858,14,16,0,41
16736.0,110,862,14,16,0,41
16752.0,110,862,14,16,0,29
16768.0,120,866,14,16,0,2
16784.0,120,866,14,16,0,41
16800.0,120,874,14,16,0,1
16816.0,120,874,14,16,0,27
16832.0,120,878,14,16,0,38
16848.0,120,878,14,16,0,34
16864.0,120,886,14,16,0,6
16880.0,125,886,14,16,0,41
16896.0,125,890,14,16,0,8
16912.0,130,890,14,16,0,9
16928.0,130,894,14,16,0,19
16944.0,130,894,14,16,0,7
16960.0,130,898,14,16,0,39
16976.0,135,898,14,16,0,41
16992.0,135,902,14,16,0,41
17008.0,135,902,14,16,0,38
17024.0,135,906,14,16,0,31
17040.0,140,906,14,16,0,41
17056.0,140,910,14,16,0,29
17072.0,145,914,14,16,0,13
17088.0,145,914,14,16,0,1
17104.0,145,918,14,16,0,41
17120.0,145,918,14,16,0,40
17136.0,145,922,14,16,0,41
17152.0,145,922,14,16,0,18
17168.0,150,926,14,16,0,41
17184.0,155,926,14,16,0,35
17200.0,155,930,14,16,0,4
17216.0,155,934,14,16,0,5
17232.0,155,938,14,16,0,27
17248.0,155,938,14,16,0,41
17264.0,155,942,14,16,0,42
17280.0,160,942,14,16,0,41
17296.0,165,946,14,16,0,31
17312.0,165,946,14,16,0,41
17328.0,165,954,14,16,0,41
17344.0,165,954,14,16,0,25
17360.0,165,958,14,16,0,14
17376.0,165,958,14,16,0,14
17392.0,170,962,14,16,0,2
17408.0,170,962,14,16,0,7
17424.0,170,966,14,16,0,29
17440.0,175,966,14,16,0,14
17456.0,175,970,14,16,0,10
17472.0,175,970,14,16,0,26
17488.0,180,974,14,16,0,6
17504.0,180,974,14,16,0,41
17520.0,180,974,14,16,0,2
17536.0,180,974,14,16,0,13
17552.0,180,978,14,16,0,22
17568.0,185,978,14,16,0,10
17584.0,185,982,14,16,0,1
17600.0,190,986,14,16,0,11
17616.0,190,990,14,16,0,5
17632.0,190,990,14,16,0,11
17648.0,190,990,14,16,0,41
17664.0,190,994,14,16,0,41
17680.0,190,994,14,16,0,26
17696.0,200,998,14,16,0,32
17712.0,200,998,14,16,0,24
17728.0,200,1002,14,16,0,41
17744.0,200,1002,14,16,0,1
17760.0,200,1006,14,16,0,39
17776.0,200,1006,14,16,0,16
17792.0,205,1010,14,16,0,30
17808.0,205,1010,14,16,0,17
17824.0,210,1014,14,16,0,42
17840.0,210,1018,14,16,0,30
17856.0,210,1022,14,16,0,29
17872.0,210,1022,14,16,0,31
17888.0,210,1026,14,16,0,41
17904.0,215,1026,14,16,0,12
17920.0,215,1030,14,16,0,42
17936.0,215,1030,14,16,0,10
17952.0,215,1034,14,16,0,41
17968.0,220,1034,14,16,0,2
17984.0,220,1038,14,16,0,13
18000.0,225,1038,14,16,0,5
18016.0,225,1042,14,16,0,41
18032.0,225,1042,14,16,0,29
18048.0,225,1042,14,16,0,7
18064.0,225,1046,14,16,0,41
18080.0,225,1046,14,16,0,36
18096.0,230,1054,14,16,0,36
18112.0,235,1054,14,16,0,14
18128.0,235,1058,14,16,0,41
18144.0,235,1058,14,16,0,38
18160.0,235,1062,14,16,0,10
18176.0,235,1062,14,16,0,5
18192.0,235,1066,14,16,0,41
18208.0,240,1066,14,16,0,41
18224.0,245,1070,14,16,0,18
18240.0,245,1070,14,16,0,15
18256.0,245,1074,14,16,0,34
18272.0,245,1074,14,16,0,6
18288.0,245,1078,14,16,0,7
18304.0,120,1078,14,16,0,41
18320.0,250,1082,14,16,0,41
18336.0,250,1082,14,16,0,41
18352.0,255,1090,14,16,0,26
18368.0,255,1090,14,16,0,33
18384.0,255,1094,14,16,0,41
18400.0,255,1094,14,16,0,24
18416.0,260,1098,14,16,0,22
18432.0,260,1098,14,16,0,13
18448.0,260,1102,14,16,0,3
18464.0,260,1102,14,16,0,40
18480.0,260,1106,14,16,0,24
18496.0,265,1106,14,16,0,31
18512.0,265,1106,14,16,0,33
18528.0,170,1110,14,16,0,12
18544.0,170,1110,14,16,0,14
18560.0,120,1064,14,16,0,9
18576.0,120,1064,14,16,0,20
18592.0,120,1072,14,16,0,21
18608.0,120,1072,14,16,0,9
18624.0,130,1080,14,16,0,16
18640.0,130,1080,14,16,0,24
18656.0,130,1084,14,16,0,22
18672.0,130,1084,14,16,0,5
18688.0,280,1138,14,16,0,41
18704.0,130,1088,14,16,0,10
18720.0,135,1092,14,16,0,22
18736.0,135,1092,14,16,0,40
18752.0,140,1096,14,16,0,39
18768.0,140,1096,14,16,0,31
18784.0,140,1100,14,16,0,19
18800.0,140,1100,14,16,0,7
18816.0,140,1104,14,16,0,35
18832.0,145,1104,14,16,0,32
18848.0,145,1108,14,16,0,33
18864.0,145,1108,14,16,0,23
18880.0,150,1116,14,16,0,30
18896.0,150,1116,14,16,0,24
18912.0,150,1120,14,16,0,29
18928.0,155,1120,14,16,0,21
18944.0,155,1124,14,16,0,32
18960.0,155,1128,14,16,0,5
18976.0,155,1128,14,16,0,5
18992.0,155,1132,14,16,0,5
19008.0,155,1132,14,16,0,5
19024.0,160,1136,14,16,0,5
19040.0,165,1136,14,16,0,5
19056.0,165,1140,14,16,0,5
19072.0,165,1140,14,16,0,20
19088.0,165,1144,14,16,0,41
19104.0,165,1144,14,16,0,35
19120.0,165,1144,14,16,0,32
19136.0,170,1148,14,16,0,41
19152.0,175,1152,14,16,0,23
19168.0,125,1152,14,16,0,16
19184.0,125,1156,14,16,0,32
19200.0,125,1156,14,16,0,24
19216.0,125,1156,14,16,0,41
19232.0,125,1156,14,16,0,13
19248.0,130,1160,14,16,0,41
19264.0,130,1160,14,16,0,23
19280.0,85,1164,14,16,0,16
19296.0,85,1164,14,16,0,10
19312.0,85,1164,14,16,0,4
19328.0,85,1164,14,16,0,13
19344.0,90,1168,14,16,0,28
19360.0,90,1168,14,16,0,24
19376.0,90,1168,14,16,0,25
19392.0,90,1176,14,16,0,13
19408.0,95,1176,14,16,0,20
19424.0,95,1176,14,16,0,21
19440.0,50,1126,14,16,0,17
19456.0,50,1130,14,16,0,42
19472.0,50,1130,14,16,0,5
19488.0,50,1134,14,16,0,34
19504.0,50,1134,14,16,0,40
19520.0,50,1134,14,16,0,42
19536.0,50,1134,14,16,0,19
19552.0,55,1138,14,16,0,29
19568.0,55,1138,14,16,0,17
19584.0,55,1142,14,16,0,41
19600.0,55,1142,14,16,0,39
19616.0,55,1142,14,16,0,37
19632.0,55,1146,14,16,0,1
19648.0,55,1154,14,16,0,33
19664.0,55,1154,14,16,0,33
19680.0,60,1158,14,16,0,11
19696.0,60,1158,14,16,0,33
19712.0,60,1158,14,16,0,31
19728.0,60,1162,14,16,0,18
19744.0,60,1162,14,16,0,35
19760.0,60,1166,14,16,0,20
19776.0,60,1166,14,16,0,24
19792.0,60,1170,14,16,0,42
19808.0,60,1170,14,16,0,4
19824.0,60,1174,14,16,0,42
19840.0,60,1174,14,16,0,9
19856.0,60,1178,14,16,0,8
19872.0,60,1178,14,16,0,27
19888.0,60,1182,14,16,0,35
19904.0,60,1182,14,16,0,41
19920.0,60,1190,14,16,0,6
19936.0,60,1190,14,16,0,23
19952.0,60,1190,14,16,0,20
19968.0,60,1194,14,16,0,33
19984.0,60,1194,14,16,0,34
20000.0,60,1198,14,16,0,27
20016.0,60,1198,14,16,0,5
20032.0,60,1202,14,16,0,10
20048.0,60,1202,14,16,0,41
20064.0,60,1206,14,16,0,2
20080.0,60,1206,14,16,0,41
20096.0,60,1210,14,16,0,36
20112.0,60,1210,14,16,0,30
20128.0,60,1214,14,16,0,12
20144.0,60,1214,14,16,0,41
20160.0,60,1218,14,16,0,35
